fx: 1500.0
fy: 1500.0
cx: 960.0
cy: 540.0
skew: 0.0
dist:
  k1: 0.0
  k2: 0.0
  p1: 0.0
  p2: 0.0
  k3: 0.0
